{
 "cells": [
  {
   "cell_type": "markdown",
   "id": "9e2e9a0d",
   "metadata": {},
   "source": [
    "<h3 style = \"font-size:60px; font-family:Garamond ; font-weight : normal; background-color: #f6f5f5 ; color : #fe346e; text-align: center; border-radius: 100px 100px;\">Importing the libraries</h3>"
   ]
  },
  {
   "cell_type": "code",
   "execution_count": 1,
   "id": "9fcdc6e0",
   "metadata": {},
   "outputs": [],
   "source": [
    "import numpy as np\n",
    "import pandas as pd\n",
    "import matplotlib.pyplot as plt\n",
    "%matplotlib inline\n",
    "import warnings\n",
    "warnings.filterwarnings(\"ignore\")\n",
    "\n",
    "# For doing the PCA using sklearn\n",
    "from sklearn.decomposition import PCA\n",
    "\n",
    "# For doing the kmeans clustering in question 2\n",
    "from sklearn.cluster import KMeans\n",
    "\n",
    "from sklearn.metrics import silhouette_score"
   ]
  },
  {
   "cell_type": "markdown",
   "id": "d7327ae8",
   "metadata": {},
   "source": [
    "<h3 style = \"font-size:60px; font-family:Garamond ; font-weight : normal; background-color: #f6f5f5 ; color : #fe346e; text-align: center; border-radius: 100px 100px;\">Importing the Dataset</h3>"
   ]
  },
  {
   "cell_type": "code",
   "execution_count": 2,
   "id": "8ba97b77",
   "metadata": {},
   "outputs": [],
   "source": [
    "dataset = pd.read_csv(\"mnist.csv\", header=None)\n",
    "\n",
    "# for predictors we will ignore the first column\n",
    "X = dataset.iloc[:, 1:].values\n",
    "\n",
    "# taking the first column for target i.e the label\n",
    "y = dataset.iloc[:, 0].values"
   ]
  },
  {
   "cell_type": "markdown",
   "id": "8b05d70b",
   "metadata": {},
   "source": [
    "<h3 style = \"font-size:60px; font-family:Garamond ; font-weight : normal; background-color: #f6f5f5 ; color : #fe346e; text-align: center; border-radius: 100px 100px;\">Question 1</h3>"
   ]
  },
  {
   "cell_type": "markdown",
   "id": "c97d4fd6",
   "metadata": {},
   "source": [
    "<h3 style = \"font-size:30px; font-family:Garamond ; font-weight : normal; background-color: #f6f5f5 ; color : #fe346e; text-align: center; border-radius: 100px 100px;\">Calculating the PCA from scratch</h3>\n",
    "<h6 style = \"font-size:30px; font-family:Garamond ; font-weight : normal; background-color: #f6f5f5 ; color : #fe346e; text-align: center; border-radius: 100px 100px;\">Reference: Used lectured slides + the code in matlab that was given + Hands on Machine Learning Book By Aurelien Geron Chapter 8</h6>"
   ]
  },
  {
   "cell_type": "code",
   "execution_count": 3,
   "id": "9633fd84",
   "metadata": {},
   "outputs": [],
   "source": [
    "# PCA from scratch\n",
    "class CustomPCA:\n",
    "    def __init__(self, n_components=8):\n",
    "        self.n_components = n_components\n",
    "        self.X_centered = 0\n",
    "        self.P_vectors = 0\n",
    "        \n",
    "    def fit(self, X):\n",
    "        # Subtract Mean\n",
    "        self.X_centered = X - X.mean(axis=0)\n",
    "        \n",
    "        # Calculate the covariance matrix\n",
    "        X_cov = np.cov(self.X_centered.T)\n",
    "        \n",
    "        # calculate the eigenvectors and eigenvalues of the covariance matrix\n",
    "        eigen_values, eigen_vectors = np.linalg.eig(X_cov)\n",
    "        \n",
    "        # Rank the eigen values according to eigen vectors\n",
    "        # first find the indices of the eigenvalues in descending order\n",
    "        eigen_idx_reversed = eigen_values.argsort()[::-1]\n",
    "        \n",
    "        # getting rows with top k i.e 10 eigen vectors\n",
    "        self.P_vectors = eigen_vectors[:, eigen_idx_reversed[:self.n_components]]\n",
    "    \n",
    "    def transform(self):\n",
    "        # Projecting Pvectors on X_centered. \n",
    "        # This one is taken from the book mentioned Chapter 8\n",
    "        transformed_data = self.X_centered.dot(self.P_vectors)\n",
    "        return transformed_data"
   ]
  },
  {
   "cell_type": "code",
   "execution_count": 4,
   "id": "9be77a3b",
   "metadata": {},
   "outputs": [],
   "source": [
    "pca_sc = CustomPCA(n_components=10)\n",
    "pca_sc.fit(X)\n",
    "X_transformed = pca_sc.transform()"
   ]
  },
  {
   "cell_type": "code",
   "execution_count": 5,
   "id": "63c1c708",
   "metadata": {},
   "outputs": [],
   "source": [
    "transformed_cov = np.cov(X_transformed.T)"
   ]
  },
  {
   "cell_type": "code",
   "execution_count": 6,
   "id": "31fa87ae",
   "metadata": {},
   "outputs": [
    {
     "name": "stdout",
     "output_type": "stream",
     "text": [
      "Covariance Matrix of the Transformed data\n",
      "[[ 5.30558677e+00  2.52995380e-15  2.50152735e-15  1.60194874e-16\n",
      "  -6.34857320e-16  4.72589684e-16 -7.55669721e-16  1.28629673e-15\n",
      "  -4.97462826e-17  4.29653905e-16]\n",
      " [ 2.52995380e-15  3.87701635e+00  2.92081745e-15 -1.69433469e-15\n",
      "   5.51946849e-16  1.30050996e-15  8.52793415e-17  8.90103127e-16\n",
      "   1.68308256e-15 -1.82995254e-16]\n",
      " [ 2.50152735e-15  2.92081745e-15  3.28704664e+00 -1.42902119e-15\n",
      "   3.05584307e-16 -1.20279405e-15 -7.74324577e-16  6.61211006e-16\n",
      "  -7.84096168e-16  4.06853525e-16]\n",
      " [ 1.60194874e-16 -1.69433469e-15 -1.42902119e-15  2.91254096e+00\n",
      "  -3.86718125e-16  4.57784243e-16 -5.40102496e-16  1.25638974e-15\n",
      "   1.71091679e-15 -5.39214170e-16]\n",
      " [-6.34857320e-16  5.51946849e-16  3.05584307e-16 -3.86718125e-16\n",
      "   2.48633206e+00 -2.04433533e-15  2.20304966e-16 -7.47822837e-16\n",
      "  -1.04822524e-16  3.94416955e-16]\n",
      " [ 4.72589684e-16  1.30050996e-15 -1.20279405e-15  4.57784243e-16\n",
      "  -2.04433533e-15  2.35358942e+00 -2.28418347e-15  4.74662446e-16\n",
      "   1.32286617e-15  3.91455866e-16]\n",
      " [-7.55669721e-16  8.52793415e-17 -7.74324577e-16 -5.40102496e-16\n",
      "   2.20304966e-16 -2.28418347e-15  1.75556820e+00  6.65652638e-16\n",
      "  -1.86785447e-15  4.08630178e-16]\n",
      " [ 1.28629673e-15  8.90103127e-16  6.61211006e-16  1.25638974e-15\n",
      "  -7.47822837e-16  4.74662446e-16  6.65652638e-16  1.54475982e+00\n",
      "  -6.75128120e-17  9.53174307e-16]\n",
      " [-4.97462826e-17  1.68308256e-15 -7.84096168e-16  1.71091679e-15\n",
      "  -1.04822524e-16  1.32286617e-15 -1.86785447e-15 -6.75128120e-17\n",
      "   1.45474519e+00 -1.03519645e-15]\n",
      " [ 4.29653905e-16 -1.82995254e-16  4.06853525e-16 -5.39214170e-16\n",
      "   3.94416955e-16  3.91455866e-16  4.08630178e-16  9.53174307e-16\n",
      "  -1.03519645e-15  1.24337974e+00]]\n",
      "\n",
      "*****************\n",
      "\n",
      "Sum of the covariance matrix for each dimension\n",
      "[5.30558677 3.87701635 3.28704664 2.91254096 2.48633206 2.35358942\n",
      " 1.7555682  1.54475982 1.45474519 1.24337974]\n",
      "\n",
      "Sum of the covariance matrix:\n",
      "26.220565161722817\n"
     ]
    }
   ],
   "source": [
    "print(\"Covariance Matrix of the Transformed data\")\n",
    "print(transformed_cov.real)\n",
    "print()\n",
    "print(\"*****************\")\n",
    "print()\n",
    "print(\"Sum of the covariance matrix for each dimension\")\n",
    "print(transformed_cov.sum(axis=0).real)\n",
    "print()\n",
    "print(\"Sum of the covariance matrix:\")\n",
    "print(transformed_cov.sum().real)"
   ]
  },
  {
   "cell_type": "markdown",
   "id": "e753fab4",
   "metadata": {},
   "source": [
    "<h3 style = \"font-size:30px; font-family:Garamond ; font-weight : normal; background-color: #f6f5f5 ; color : #fe346e; text-align: center; border-radius: 100px 100px;\">Calculating the PCA using sklearn</h3>"
   ]
  },
  {
   "cell_type": "code",
   "execution_count": 7,
   "id": "ff8f8383",
   "metadata": {},
   "outputs": [],
   "source": [
    "# Fun fact about random state to have 42 number is it was taken from The Hitchhiker's Guide to the Galaxy\n",
    "# The Hitchhiker's Guide\n",
    "\"\"\"In this novel, a supercomputer called Deep Thought takes \n",
    "seven and a half million years to compute the answer to the \n",
    "ultimate question of Life, The Universe and Everything. \n",
    "The answer turns out to be 42\"\"\"\n",
    "pca = PCA(n_components=10, random_state=42)\n",
    "\n",
    "# fitting\n",
    "pca.fit(X)\n",
    "pca_transformed_data = pca.transform(X)"
   ]
  },
  {
   "cell_type": "code",
   "execution_count": 8,
   "id": "8630f840",
   "metadata": {},
   "outputs": [],
   "source": [
    "pca_transformed_cov = np.cov(pca_transformed_data.T)"
   ]
  },
  {
   "cell_type": "code",
   "execution_count": 9,
   "id": "f99974da",
   "metadata": {},
   "outputs": [
    {
     "name": "stdout",
     "output_type": "stream",
     "text": [
      "Covariance Matrix of the Transformed data\n",
      "[[ 5.30558677e+00 -5.20334271e-14  2.64271204e-13 -1.30398313e-13\n",
      "   4.48237694e-13  1.59227072e-12  1.21375280e-11  1.67928479e-11\n",
      "   3.98693311e-11  3.41661596e-11]\n",
      " [-5.20334271e-14  3.87701635e+00 -1.95543161e-12  1.91417062e-12\n",
      "  -4.29125173e-12 -8.96265833e-12 -5.85249273e-11 -8.30349598e-11\n",
      "  -3.12213324e-10 -7.92842707e-11]\n",
      " [ 2.64271204e-13 -1.95543161e-12  3.28704664e+00 -9.70916259e-12\n",
      "   2.64418524e-11  3.41062774e-11  2.24206677e-10  5.40415604e-10\n",
      "   1.52962900e-09  1.39765187e-10]\n",
      " [-1.30398313e-13  1.91417062e-12 -9.70916259e-12  2.91254096e+00\n",
      "  -2.53140672e-11 -3.50008185e-11 -1.95772269e-10 -3.55971159e-10\n",
      "  -1.74718869e-09  1.52455134e-11]\n",
      " [ 4.48237694e-13 -4.29125173e-12  2.64418524e-11 -2.53140672e-11\n",
      "   2.48633206e+00  1.00992289e-10  5.83192265e-10  5.61929321e-10\n",
      "   3.69142476e-09 -5.60968297e-10]\n",
      " [ 1.59227072e-12 -8.96265833e-12  3.41062774e-11 -3.50008185e-11\n",
      "   1.00992289e-10  2.35358942e+00  2.14222886e-09  1.22730331e-09\n",
      "   7.02692455e-09  1.94976760e-09]\n",
      " [ 1.21375280e-11 -5.85249273e-11  2.24206677e-10 -1.95772269e-10\n",
      "   5.83192265e-10  2.14222886e-09  1.75556819e+00  3.31150179e-09\n",
      "   5.13205123e-08  5.46370042e-08]\n",
      " [ 1.67928479e-11 -8.30349598e-11  5.40415604e-10 -3.55971159e-10\n",
      "   5.61929321e-10  1.22730331e-09  3.31150179e-09  1.54475978e+00\n",
      "   4.62678476e-08 -3.47810408e-08]\n",
      " [ 3.98693311e-11 -3.12213324e-10  1.52962900e-09 -1.74718869e-09\n",
      "   3.69142476e-09  7.02692455e-09  5.13205123e-08  4.62678476e-08\n",
      "   1.45474501e+00  1.26571211e-07]\n",
      " [ 3.41661596e-11 -7.92842707e-11  1.39765187e-10  1.52455134e-11\n",
      "  -5.60968297e-10  1.94976760e-09  5.46370042e-08 -3.47810408e-08\n",
      "   1.26571211e-07  1.24337936e+00]]\n",
      "\n",
      "*****************\n",
      "\n",
      "Sum of the covariance matrix for each dimension\n",
      "[5.30558677 3.87701635 3.28704664 2.91254096 2.48633207 2.35358943\n",
      " 1.75556831 1.5447598  1.45474525 1.2433795 ]\n",
      "\n",
      "Sum of the covariance matrix:\n",
      "26.22056508040858\n"
     ]
    }
   ],
   "source": [
    "print(\"Covariance Matrix of the Transformed data\")\n",
    "print(pca_transformed_cov)\n",
    "print()\n",
    "print(\"*****************\")\n",
    "print()\n",
    "print(\"Sum of the covariance matrix for each dimension\")\n",
    "print(pca_transformed_cov.sum(axis=0))\n",
    "print()\n",
    "print(\"Sum of the covariance matrix:\")\n",
    "print(pca_transformed_cov.sum())"
   ]
  },
  {
   "cell_type": "markdown",
   "id": "4c945968",
   "metadata": {},
   "source": [
    "<h3 style = \"font-size:60px; font-family:Garamond ; font-weight : normal; background-color: #f6f5f5 ; color : #fe346e; text-align: center; border-radius: 100px 100px;\">Question 2</h3>"
   ]
  },
  {
   "cell_type": "code",
   "execution_count": 10,
   "id": "438450f0",
   "metadata": {},
   "outputs": [
    {
     "data": {
      "text/plain": [
       "KMeans(n_clusters=10, random_state=42)"
      ]
     },
     "execution_count": 10,
     "metadata": {},
     "output_type": "execute_result"
    }
   ],
   "source": [
    "# initializing the KMeans object\n",
    "kmeans = KMeans(n_clusters=10, random_state=42)\n",
    "# traing on the dataset without applying PCA into 10 groups\n",
    "kmeans.fit(X)"
   ]
  },
  {
   "cell_type": "code",
   "execution_count": 11,
   "id": "baacc108",
   "metadata": {},
   "outputs": [
    {
     "name": "stdout",
     "output_type": "stream",
     "text": [
      "********10 centroid Points********\n",
      "[[0. 0. 0. ... 0. 0. 0.]\n",
      " [0. 0. 0. ... 0. 0. 0.]\n",
      " [0. 0. 0. ... 0. 0. 0.]\n",
      " ...\n",
      " [0. 0. 0. ... 0. 0. 0.]\n",
      " [0. 0. 0. ... 0. 0. 0.]\n",
      " [0. 0. 0. ... 0. 0. 0.]]\n"
     ]
    }
   ],
   "source": [
    "print(\"********10 centroid Points********\")\n",
    "print(kmeans.cluster_centers_)"
   ]
  },
  {
   "cell_type": "code",
   "execution_count": 12,
   "id": "8879b630",
   "metadata": {},
   "outputs": [
    {
     "data": {
      "text/html": [
       "<div>\n",
       "<style scoped>\n",
       "    .dataframe tbody tr th:only-of-type {\n",
       "        vertical-align: middle;\n",
       "    }\n",
       "\n",
       "    .dataframe tbody tr th {\n",
       "        vertical-align: top;\n",
       "    }\n",
       "\n",
       "    .dataframe thead th {\n",
       "        text-align: right;\n",
       "    }\n",
       "</style>\n",
       "<table border=\"1\" class=\"dataframe\">\n",
       "  <thead>\n",
       "    <tr style=\"text-align: right;\">\n",
       "      <th></th>\n",
       "      <th>0</th>\n",
       "      <th>1</th>\n",
       "      <th>2</th>\n",
       "      <th>3</th>\n",
       "      <th>4</th>\n",
       "      <th>5</th>\n",
       "      <th>6</th>\n",
       "      <th>7</th>\n",
       "      <th>8</th>\n",
       "      <th>9</th>\n",
       "      <th>...</th>\n",
       "      <th>774</th>\n",
       "      <th>775</th>\n",
       "      <th>776</th>\n",
       "      <th>777</th>\n",
       "      <th>778</th>\n",
       "      <th>779</th>\n",
       "      <th>780</th>\n",
       "      <th>781</th>\n",
       "      <th>782</th>\n",
       "      <th>783</th>\n",
       "    </tr>\n",
       "  </thead>\n",
       "  <tbody>\n",
       "    <tr>\n",
       "      <th>0</th>\n",
       "      <td>0.0</td>\n",
       "      <td>0.0</td>\n",
       "      <td>0.0</td>\n",
       "      <td>0.0</td>\n",
       "      <td>0.0</td>\n",
       "      <td>0.0</td>\n",
       "      <td>0.0</td>\n",
       "      <td>0.0</td>\n",
       "      <td>0.0</td>\n",
       "      <td>0.0</td>\n",
       "      <td>...</td>\n",
       "      <td>6.542686e-03</td>\n",
       "      <td>4.373021e-03</td>\n",
       "      <td>2.115760e-03</td>\n",
       "      <td>1.819284e-03</td>\n",
       "      <td>1.233071e-03</td>\n",
       "      <td>0.0</td>\n",
       "      <td>0.0</td>\n",
       "      <td>0.0</td>\n",
       "      <td>0.0</td>\n",
       "      <td>0.0</td>\n",
       "    </tr>\n",
       "    <tr>\n",
       "      <th>1</th>\n",
       "      <td>0.0</td>\n",
       "      <td>0.0</td>\n",
       "      <td>0.0</td>\n",
       "      <td>0.0</td>\n",
       "      <td>0.0</td>\n",
       "      <td>0.0</td>\n",
       "      <td>0.0</td>\n",
       "      <td>0.0</td>\n",
       "      <td>0.0</td>\n",
       "      <td>0.0</td>\n",
       "      <td>...</td>\n",
       "      <td>-3.252607e-19</td>\n",
       "      <td>-6.505213e-19</td>\n",
       "      <td>-1.355253e-19</td>\n",
       "      <td>-2.710505e-20</td>\n",
       "      <td>-8.131516e-20</td>\n",
       "      <td>0.0</td>\n",
       "      <td>0.0</td>\n",
       "      <td>0.0</td>\n",
       "      <td>0.0</td>\n",
       "      <td>0.0</td>\n",
       "    </tr>\n",
       "    <tr>\n",
       "      <th>2</th>\n",
       "      <td>0.0</td>\n",
       "      <td>0.0</td>\n",
       "      <td>0.0</td>\n",
       "      <td>0.0</td>\n",
       "      <td>0.0</td>\n",
       "      <td>0.0</td>\n",
       "      <td>0.0</td>\n",
       "      <td>0.0</td>\n",
       "      <td>0.0</td>\n",
       "      <td>0.0</td>\n",
       "      <td>...</td>\n",
       "      <td>-2.168404e-19</td>\n",
       "      <td>-1.084202e-18</td>\n",
       "      <td>-1.355253e-19</td>\n",
       "      <td>8.131516e-20</td>\n",
       "      <td>-1.761829e-19</td>\n",
       "      <td>0.0</td>\n",
       "      <td>0.0</td>\n",
       "      <td>0.0</td>\n",
       "      <td>0.0</td>\n",
       "      <td>0.0</td>\n",
       "    </tr>\n",
       "    <tr>\n",
       "      <th>3</th>\n",
       "      <td>0.0</td>\n",
       "      <td>0.0</td>\n",
       "      <td>0.0</td>\n",
       "      <td>0.0</td>\n",
       "      <td>0.0</td>\n",
       "      <td>0.0</td>\n",
       "      <td>0.0</td>\n",
       "      <td>0.0</td>\n",
       "      <td>0.0</td>\n",
       "      <td>0.0</td>\n",
       "      <td>...</td>\n",
       "      <td>1.242637e-03</td>\n",
       "      <td>6.347669e-04</td>\n",
       "      <td>-1.355253e-19</td>\n",
       "      <td>8.131516e-20</td>\n",
       "      <td>-1.761829e-19</td>\n",
       "      <td>0.0</td>\n",
       "      <td>0.0</td>\n",
       "      <td>0.0</td>\n",
       "      <td>0.0</td>\n",
       "      <td>0.0</td>\n",
       "    </tr>\n",
       "    <tr>\n",
       "      <th>4</th>\n",
       "      <td>0.0</td>\n",
       "      <td>0.0</td>\n",
       "      <td>0.0</td>\n",
       "      <td>0.0</td>\n",
       "      <td>0.0</td>\n",
       "      <td>0.0</td>\n",
       "      <td>0.0</td>\n",
       "      <td>0.0</td>\n",
       "      <td>0.0</td>\n",
       "      <td>0.0</td>\n",
       "      <td>...</td>\n",
       "      <td>-5.421011e-19</td>\n",
       "      <td>-8.673617e-19</td>\n",
       "      <td>-1.626303e-19</td>\n",
       "      <td>2.710505e-20</td>\n",
       "      <td>-1.219727e-19</td>\n",
       "      <td>0.0</td>\n",
       "      <td>0.0</td>\n",
       "      <td>0.0</td>\n",
       "      <td>0.0</td>\n",
       "      <td>0.0</td>\n",
       "    </tr>\n",
       "    <tr>\n",
       "      <th>5</th>\n",
       "      <td>0.0</td>\n",
       "      <td>0.0</td>\n",
       "      <td>0.0</td>\n",
       "      <td>0.0</td>\n",
       "      <td>0.0</td>\n",
       "      <td>0.0</td>\n",
       "      <td>0.0</td>\n",
       "      <td>0.0</td>\n",
       "      <td>0.0</td>\n",
       "      <td>0.0</td>\n",
       "      <td>...</td>\n",
       "      <td>2.168404e-19</td>\n",
       "      <td>-1.192622e-18</td>\n",
       "      <td>-1.355253e-19</td>\n",
       "      <td>-8.131516e-20</td>\n",
       "      <td>-2.168404e-19</td>\n",
       "      <td>0.0</td>\n",
       "      <td>0.0</td>\n",
       "      <td>0.0</td>\n",
       "      <td>0.0</td>\n",
       "      <td>0.0</td>\n",
       "    </tr>\n",
       "    <tr>\n",
       "      <th>6</th>\n",
       "      <td>0.0</td>\n",
       "      <td>0.0</td>\n",
       "      <td>0.0</td>\n",
       "      <td>0.0</td>\n",
       "      <td>0.0</td>\n",
       "      <td>0.0</td>\n",
       "      <td>0.0</td>\n",
       "      <td>0.0</td>\n",
       "      <td>0.0</td>\n",
       "      <td>0.0</td>\n",
       "      <td>...</td>\n",
       "      <td>-3.252607e-19</td>\n",
       "      <td>-6.505213e-19</td>\n",
       "      <td>-1.355253e-19</td>\n",
       "      <td>-5.421011e-20</td>\n",
       "      <td>-9.486769e-20</td>\n",
       "      <td>0.0</td>\n",
       "      <td>0.0</td>\n",
       "      <td>0.0</td>\n",
       "      <td>0.0</td>\n",
       "      <td>0.0</td>\n",
       "    </tr>\n",
       "    <tr>\n",
       "      <th>7</th>\n",
       "      <td>0.0</td>\n",
       "      <td>0.0</td>\n",
       "      <td>0.0</td>\n",
       "      <td>0.0</td>\n",
       "      <td>0.0</td>\n",
       "      <td>0.0</td>\n",
       "      <td>0.0</td>\n",
       "      <td>0.0</td>\n",
       "      <td>0.0</td>\n",
       "      <td>0.0</td>\n",
       "      <td>...</td>\n",
       "      <td>-5.421011e-19</td>\n",
       "      <td>-8.673617e-19</td>\n",
       "      <td>-1.355253e-19</td>\n",
       "      <td>8.131516e-20</td>\n",
       "      <td>-1.490778e-19</td>\n",
       "      <td>0.0</td>\n",
       "      <td>0.0</td>\n",
       "      <td>0.0</td>\n",
       "      <td>0.0</td>\n",
       "      <td>0.0</td>\n",
       "    </tr>\n",
       "    <tr>\n",
       "      <th>8</th>\n",
       "      <td>0.0</td>\n",
       "      <td>0.0</td>\n",
       "      <td>0.0</td>\n",
       "      <td>0.0</td>\n",
       "      <td>0.0</td>\n",
       "      <td>0.0</td>\n",
       "      <td>0.0</td>\n",
       "      <td>0.0</td>\n",
       "      <td>0.0</td>\n",
       "      <td>0.0</td>\n",
       "      <td>...</td>\n",
       "      <td>-6.505213e-19</td>\n",
       "      <td>-9.757820e-19</td>\n",
       "      <td>-1.355253e-19</td>\n",
       "      <td>1.355253e-19</td>\n",
       "      <td>-1.761829e-19</td>\n",
       "      <td>0.0</td>\n",
       "      <td>0.0</td>\n",
       "      <td>0.0</td>\n",
       "      <td>0.0</td>\n",
       "      <td>0.0</td>\n",
       "    </tr>\n",
       "    <tr>\n",
       "      <th>9</th>\n",
       "      <td>0.0</td>\n",
       "      <td>0.0</td>\n",
       "      <td>0.0</td>\n",
       "      <td>0.0</td>\n",
       "      <td>0.0</td>\n",
       "      <td>0.0</td>\n",
       "      <td>0.0</td>\n",
       "      <td>0.0</td>\n",
       "      <td>0.0</td>\n",
       "      <td>0.0</td>\n",
       "      <td>...</td>\n",
       "      <td>-7.589415e-19</td>\n",
       "      <td>-6.505213e-19</td>\n",
       "      <td>-8.131516e-20</td>\n",
       "      <td>5.421011e-20</td>\n",
       "      <td>-1.084202e-19</td>\n",
       "      <td>0.0</td>\n",
       "      <td>0.0</td>\n",
       "      <td>0.0</td>\n",
       "      <td>0.0</td>\n",
       "      <td>0.0</td>\n",
       "    </tr>\n",
       "  </tbody>\n",
       "</table>\n",
       "<p>10 rows × 784 columns</p>\n",
       "</div>"
      ],
      "text/plain": [
       "   0    1    2    3    4    5    6    7    8    9    ...           774  \\\n",
       "0  0.0  0.0  0.0  0.0  0.0  0.0  0.0  0.0  0.0  0.0  ...  6.542686e-03   \n",
       "1  0.0  0.0  0.0  0.0  0.0  0.0  0.0  0.0  0.0  0.0  ... -3.252607e-19   \n",
       "2  0.0  0.0  0.0  0.0  0.0  0.0  0.0  0.0  0.0  0.0  ... -2.168404e-19   \n",
       "3  0.0  0.0  0.0  0.0  0.0  0.0  0.0  0.0  0.0  0.0  ...  1.242637e-03   \n",
       "4  0.0  0.0  0.0  0.0  0.0  0.0  0.0  0.0  0.0  0.0  ... -5.421011e-19   \n",
       "5  0.0  0.0  0.0  0.0  0.0  0.0  0.0  0.0  0.0  0.0  ...  2.168404e-19   \n",
       "6  0.0  0.0  0.0  0.0  0.0  0.0  0.0  0.0  0.0  0.0  ... -3.252607e-19   \n",
       "7  0.0  0.0  0.0  0.0  0.0  0.0  0.0  0.0  0.0  0.0  ... -5.421011e-19   \n",
       "8  0.0  0.0  0.0  0.0  0.0  0.0  0.0  0.0  0.0  0.0  ... -6.505213e-19   \n",
       "9  0.0  0.0  0.0  0.0  0.0  0.0  0.0  0.0  0.0  0.0  ... -7.589415e-19   \n",
       "\n",
       "            775           776           777           778  779  780  781  782  \\\n",
       "0  4.373021e-03  2.115760e-03  1.819284e-03  1.233071e-03  0.0  0.0  0.0  0.0   \n",
       "1 -6.505213e-19 -1.355253e-19 -2.710505e-20 -8.131516e-20  0.0  0.0  0.0  0.0   \n",
       "2 -1.084202e-18 -1.355253e-19  8.131516e-20 -1.761829e-19  0.0  0.0  0.0  0.0   \n",
       "3  6.347669e-04 -1.355253e-19  8.131516e-20 -1.761829e-19  0.0  0.0  0.0  0.0   \n",
       "4 -8.673617e-19 -1.626303e-19  2.710505e-20 -1.219727e-19  0.0  0.0  0.0  0.0   \n",
       "5 -1.192622e-18 -1.355253e-19 -8.131516e-20 -2.168404e-19  0.0  0.0  0.0  0.0   \n",
       "6 -6.505213e-19 -1.355253e-19 -5.421011e-20 -9.486769e-20  0.0  0.0  0.0  0.0   \n",
       "7 -8.673617e-19 -1.355253e-19  8.131516e-20 -1.490778e-19  0.0  0.0  0.0  0.0   \n",
       "8 -9.757820e-19 -1.355253e-19  1.355253e-19 -1.761829e-19  0.0  0.0  0.0  0.0   \n",
       "9 -6.505213e-19 -8.131516e-20  5.421011e-20 -1.084202e-19  0.0  0.0  0.0  0.0   \n",
       "\n",
       "   783  \n",
       "0  0.0  \n",
       "1  0.0  \n",
       "2  0.0  \n",
       "3  0.0  \n",
       "4  0.0  \n",
       "5  0.0  \n",
       "6  0.0  \n",
       "7  0.0  \n",
       "8  0.0  \n",
       "9  0.0  \n",
       "\n",
       "[10 rows x 784 columns]"
      ]
     },
     "execution_count": 12,
     "metadata": {},
     "output_type": "execute_result"
    }
   ],
   "source": [
    "pd.DataFrame(kmeans.cluster_centers_)"
   ]
  },
  {
   "cell_type": "code",
   "execution_count": 13,
   "id": "8af50796",
   "metadata": {},
   "outputs": [
    {
     "name": "stdout",
     "output_type": "stream",
     "text": [
      "[ 0.00000000e+00  0.00000000e+00  0.00000000e+00  0.00000000e+00\n",
      "  0.00000000e+00  0.00000000e+00  0.00000000e+00  0.00000000e+00\n",
      "  0.00000000e+00  0.00000000e+00  0.00000000e+00  0.00000000e+00\n",
      "  0.00000000e+00  0.00000000e+00  0.00000000e+00  0.00000000e+00\n",
      "  0.00000000e+00  0.00000000e+00  0.00000000e+00  0.00000000e+00\n",
      "  0.00000000e+00  0.00000000e+00  0.00000000e+00  0.00000000e+00\n",
      "  0.00000000e+00  0.00000000e+00  0.00000000e+00  0.00000000e+00\n",
      "  0.00000000e+00  0.00000000e+00  0.00000000e+00  0.00000000e+00\n",
      "  0.00000000e+00  0.00000000e+00  0.00000000e+00  6.87285223e-04\n",
      "  2.33811738e-03  3.17364059e-03  2.00795095e-03  2.45266491e-03\n",
      "  6.94023314e-04  6.13166229e-04  1.50933226e-03  2.49309346e-04\n",
      "  9.75781955e-19  4.33680869e-19  1.08420217e-19  2.71050543e-19\n",
      " -1.08420217e-19  2.98155597e-19  1.35525272e-19  0.00000000e+00\n",
      "  0.00000000e+00  0.00000000e+00  0.00000000e+00  0.00000000e+00\n",
      "  0.00000000e+00  0.00000000e+00  0.00000000e+00  0.00000000e+00\n",
      " -2.71050543e-20 -6.77626358e-21  3.38813179e-20  6.53594771e-04\n",
      "  4.25173506e-03  6.56963816e-03  1.07000876e-02  1.36850617e-02\n",
      "  1.63331312e-02  1.49922512e-02  8.90101745e-03  5.12768681e-03\n",
      "  2.18987939e-03  1.48237989e-04  1.73472348e-18  1.21430643e-17\n",
      "  8.67361738e-18  2.16840434e-19 -3.25260652e-19 -8.13151629e-20\n",
      "  8.13151629e-20  0.00000000e+00  0.00000000e+00  0.00000000e+00\n",
      "  0.00000000e+00  0.00000000e+00  0.00000000e+00  0.00000000e+00\n",
      " -6.77626358e-21 -3.25260652e-19 -1.95156391e-18  8.82689846e-04\n",
      "  7.49275655e-03  1.30179907e-02  2.63189812e-02  3.48291894e-02\n",
      "  3.38791187e-02  2.71477663e-02  1.95472003e-02  1.20813961e-02\n",
      "  6.64375716e-03  2.70871235e-03  3.84071154e-04 -2.42861287e-17\n",
      "  2.73566471e-03  3.23428340e-03  1.05788020e-03 -3.25260652e-19\n",
      "  5.42101086e-20  0.00000000e+00  0.00000000e+00  0.00000000e+00\n",
      "  0.00000000e+00  0.00000000e+00  0.00000000e+00 -4.06575815e-20\n",
      "  6.73809043e-04  3.49033084e-03  6.05080520e-03  9.39963614e-03\n",
      "  2.45805539e-02  3.65676167e-02  5.21932484e-02  5.91941244e-02\n",
      "  4.90937268e-02  3.75783303e-02  2.01536285e-02  1.77548683e-02\n",
      "  2.23569840e-02  3.00923118e-02  2.97890978e-02  1.74449161e-02\n",
      "  1.74381780e-02  1.32942524e-02  7.67468499e-03  3.84071154e-03\n",
      "  1.20611819e-03 -2.71050543e-20  0.00000000e+00  0.00000000e+00\n",
      "  0.00000000e+00  0.00000000e+00  4.06575815e-20  8.75951755e-05\n",
      "  3.22754531e-03  1.10302540e-02  2.28960313e-02  4.80897514e-02\n",
      "  6.89643555e-02  1.01927094e-01  1.28643622e-01  1.33151405e-01\n",
      "  1.10585540e-01  8.73391281e-02  5.66403881e-02  6.11346944e-02\n",
      "  7.61269456e-02  9.79516205e-02  8.56613436e-02  5.70177212e-02\n",
      "  5.01381309e-02  4.20119938e-02  2.61976956e-02  1.17242773e-02\n",
      "  3.97547335e-03  5.79475777e-04  4.44713968e-04 -5.08219768e-21\n",
      "  0.00000000e+00  0.00000000e+00  6.77626358e-20  1.82602251e-03\n",
      "  9.65568358e-03  2.56519102e-02  5.39384139e-02  9.87467152e-02\n",
      "  1.53783438e-01  2.30631359e-01  2.76605350e-01  2.79570110e-01\n",
      "  2.65042787e-01  2.27053433e-01  2.04824473e-01  2.05828448e-01\n",
      "  2.16649821e-01  2.05868877e-01  1.70055926e-01  1.36540664e-01\n",
      "  9.84367630e-02  6.87015700e-02  4.38043259e-02  2.29431979e-02\n",
      "  1.14278014e-02  5.63304360e-03  2.53352200e-03  1.08420217e-19\n",
      "  2.71050543e-20  3.90809245e-04  1.77885587e-03  6.42813827e-03\n",
      "  2.05646520e-02  5.33724143e-02  1.05154639e-01  1.92904791e-01\n",
      "  3.05713901e-01  4.22916246e-01  4.57516340e-01  4.20982414e-01\n",
      "  3.78694158e-01  3.42456708e-01  3.17545987e-01  3.15133751e-01\n",
      "  3.40024257e-01  3.16663298e-01  2.72643353e-01  2.08644970e-01\n",
      "  1.52550367e-01  1.01226332e-01  5.51849606e-02  3.10828111e-02\n",
      "  1.31123240e-02  5.65999596e-03  2.00795095e-03 -2.16840434e-19\n",
      "  5.42101086e-20  1.28697527e-03  4.30563978e-03  1.25530625e-02\n",
      "  4.30563978e-02  9.24533387e-02  1.77939492e-01  3.10410350e-01\n",
      "  4.67785190e-01  5.80230443e-01  5.55622936e-01  4.60009433e-01\n",
      "  3.74583923e-01  3.33757833e-01  3.11549087e-01  3.29869955e-01\n",
      "  3.87244795e-01  4.16885655e-01  3.89097770e-01  2.85519844e-01\n",
      "  1.99002763e-01  1.26925409e-01  6.72124520e-02  3.52671653e-02\n",
      "  1.24991577e-02  4.69644903e-03  4.44713968e-04  0.00000000e+00\n",
      "  3.38813179e-21  1.81928441e-03  7.58708982e-03  2.30173169e-02\n",
      "  6.04271949e-02  1.34930261e-01  2.51937201e-01  4.15410013e-01\n",
      "  5.95357456e-01  6.51101678e-01  5.31844215e-01  3.70824068e-01\n",
      "  2.85102082e-01  2.47058824e-01  2.39990567e-01  2.81591537e-01\n",
      "  3.83949869e-01  4.78869348e-01  4.78660468e-01  3.69719022e-01\n",
      "  2.50643488e-01  1.49996631e-01  7.70770164e-02  3.26393100e-02\n",
      "  6.32706691e-03  3.43642612e-03  3.57118793e-04 -5.42101086e-20\n",
      "  0.00000000e+00  3.37578330e-03  6.83242369e-03  2.37517687e-02\n",
      "  7.68681356e-02  1.74563709e-01  3.14931608e-01  4.88754127e-01\n",
      "  6.40320733e-01  6.00168452e-01  4.08894279e-01  2.57893673e-01\n",
      "  1.75352065e-01  1.51607035e-01  1.51505963e-01  2.16838488e-01\n",
      "  3.72286234e-01  5.16157941e-01  5.38582306e-01  4.49720369e-01\n",
      "  2.98699549e-01  1.75736136e-01  9.35853379e-02  3.78276396e-02\n",
      "  7.14237585e-03  7.27713766e-04 -2.16840434e-19  0.00000000e+00\n",
      "  0.00000000e+00  2.42571255e-03  6.27316219e-03  2.33070548e-02\n",
      "  7.25557577e-02  1.92763291e-01  3.56074389e-01  5.34546190e-01\n",
      "  6.27349909e-01  4.98463715e-01  2.78087730e-01  1.47065562e-01\n",
      "  9.87197628e-02  9.68533118e-02  1.24937673e-01  1.99157739e-01\n",
      "  3.57799340e-01  5.24149316e-01  5.79624015e-01  5.17532511e-01\n",
      "  3.38952901e-01  1.90337578e-01  1.00397547e-01  4.59807291e-02\n",
      "  1.39545853e-02  5.99690048e-04 -2.16840434e-19  2.37169225e-20\n",
      "  0.00000000e+00  2.37854592e-03  5.25571053e-03  1.82063203e-02\n",
      "  6.90789030e-02  2.00761404e-01  3.85007749e-01  5.77939492e-01\n",
      "  6.07122162e-01  4.59268243e-01  2.21359747e-01  1.12297015e-01\n",
      "  8.70628664e-02  1.01826023e-01  1.44228826e-01  2.34741594e-01\n",
      "  3.78734587e-01  5.53096153e-01  6.02850212e-01  5.30550502e-01\n",
      "  3.47698942e-01  1.97864025e-01  1.07937471e-01  5.75971970e-02\n",
      "  2.96341217e-02  3.73290210e-03  0.00000000e+00 -1.35525272e-20\n",
      "  0.00000000e+00  1.92035577e-03  3.45664039e-03  1.60838218e-02\n",
      "  6.56963816e-02  2.00694023e-01  4.02520046e-01  5.89791793e-01\n",
      "  6.13381848e-01  4.61424432e-01  2.52429082e-01  1.72441210e-01\n",
      "  1.49834917e-01  1.78727849e-01  2.29782360e-01  3.19749343e-01\n",
      "  4.55899198e-01  5.94656694e-01  6.23771983e-01  5.18098511e-01\n",
      "  3.34081261e-01  1.95970622e-01  1.18738629e-01  7.06084496e-02\n",
      "  4.43029445e-02  9.15706489e-03  1.35525272e-20  0.00000000e+00\n",
      "  0.00000000e+00  8.15308941e-04  1.82602251e-03  1.62994407e-02\n",
      "  6.42207398e-02  1.94737551e-01  3.91671720e-01  5.77029850e-01\n",
      "  6.33313119e-01  5.18320868e-01  3.79428610e-01  3.15551513e-01\n",
      "  3.12236372e-01  3.39660400e-01  3.82999798e-01  4.41034971e-01\n",
      "  5.34977427e-01  6.43325921e-01  6.42301732e-01  5.15625632e-01\n",
      "  3.36938212e-01  2.04878377e-01  1.23684388e-01  8.04393235e-02\n",
      "  4.52597534e-02  1.27552052e-02  3.30166431e-04  0.00000000e+00\n",
      "  0.00000000e+00  4.04285426e-05  1.23980864e-03  1.36715855e-02\n",
      "  5.49962941e-02  1.68182737e-01  3.57085102e-01  5.27329695e-01\n",
      "  6.04366283e-01  5.74489590e-01  5.12020753e-01  4.84859511e-01\n",
      "  4.91813220e-01  5.13590728e-01  5.26750219e-01  5.32113739e-01\n",
      "  5.76618826e-01  6.74503066e-01  6.71659592e-01  5.18893606e-01\n",
      "  3.42820565e-01  2.01367832e-01  1.30206859e-01  8.59578196e-02\n",
      "  4.44444444e-02  1.24924196e-02  1.58345125e-03 -8.47032947e-22\n",
      "  0.00000000e+00  0.00000000e+00  7.41189947e-05  5.12094872e-03\n",
      "  3.48898322e-02  1.30772859e-01  2.85984772e-01  4.26393100e-01\n",
      "  5.22491746e-01  5.53426319e-01  5.43251802e-01  5.28401051e-01\n",
      "  5.23805673e-01  5.24897244e-01  5.10309278e-01  4.92473553e-01\n",
      "  5.60218314e-01  6.80702109e-01  6.85358130e-01  5.11926420e-01\n",
      "  3.40030995e-01  2.10241897e-01  1.38326258e-01  8.18475844e-02\n",
      "  4.94441075e-02  1.35031332e-02  2.39876019e-03 -4.23516474e-21\n",
      "  0.00000000e+00  0.00000000e+00 -5.42101086e-19  1.73842733e-03\n",
      "  1.37659187e-02  8.01293713e-02  1.79388181e-01  2.88841722e-01\n",
      "  3.70338926e-01  4.16083822e-01  4.33959976e-01  4.23798935e-01\n",
      "  3.98019001e-01  3.86692271e-01  3.65999596e-01  3.66201738e-01\n",
      "  4.71039687e-01  6.60022910e-01  6.86287986e-01  4.94211980e-01\n",
      "  3.24715316e-01  2.11165016e-01  1.38117378e-01  7.17471868e-02\n",
      "  4.11495182e-02  1.07000876e-02  1.70473688e-03  1.21972744e-19\n",
      "  0.00000000e+00  0.00000000e+00 -5.42101086e-19  1.82602251e-03\n",
      "  6.32706691e-03  4.21737080e-02  9.12606967e-02  1.59012196e-01\n",
      "  2.18826225e-01  2.56182198e-01  2.77339802e-01  2.79590324e-01\n",
      "  2.59295196e-01  2.43662826e-01  2.25840577e-01  2.39741257e-01\n",
      "  4.28374099e-01  6.54726770e-01  6.59605148e-01  4.67239404e-01\n",
      "  2.83599488e-01  1.82521393e-01  1.20847652e-01  6.08247423e-02\n",
      "  2.52543629e-02  4.34606832e-03  2.56047436e-04 -1.89735380e-19\n",
      "  0.00000000e+00  0.00000000e+00  2.16840434e-19  2.45940301e-03\n",
      "  4.27194933e-03  1.89070817e-02  4.10417088e-02  7.12014015e-02\n",
      "  1.10026279e-01  1.34451856e-01  1.57550030e-01  1.67980594e-01\n",
      "  1.66093929e-01  1.60238528e-01  1.55191699e-01  1.94494980e-01\n",
      "  4.04979449e-01  6.34485547e-01  6.27248838e-01  4.40543090e-01\n",
      "  2.59005458e-01  1.51573344e-01  9.49801226e-02  5.08052018e-02\n",
      "  1.65824405e-02  2.17640321e-03  4.06575815e-20  9.48676901e-20\n",
      "  0.00000000e+00  0.00000000e+00 -1.73472348e-18  1.31392763e-03\n",
      "  3.42968803e-03  6.56963816e-03  1.25665386e-02  2.88120747e-02\n",
      "  4.46263729e-02  6.03800283e-02  7.43548278e-02  9.35112189e-02\n",
      "  9.94205242e-02  1.09406374e-01  1.17802035e-01  1.84529344e-01\n",
      "  4.03112998e-01  6.09453541e-01  5.88093794e-01  4.22525436e-01\n",
      "  2.45286706e-01  1.42133279e-01  7.93477528e-02  4.30159693e-02\n",
      "  1.52011320e-02  1.39478472e-03 -1.62630326e-19  0.00000000e+00\n",
      "  0.00000000e+00  0.00000000e+00  1.51788304e-18  1.14547537e-04\n",
      "  2.58742672e-03  2.80304562e-03  7.09520922e-03  1.38737282e-02\n",
      "  2.15686275e-02  3.09884779e-02  3.87440199e-02  3.97951621e-02\n",
      "  5.19304629e-02  6.60737147e-02  9.69476450e-02  1.83343440e-01\n",
      "  3.89832222e-01  5.60844957e-01  5.33562428e-01  3.89946769e-01\n",
      "  2.37854592e-01  1.31547739e-01  6.77784516e-02  3.31311906e-02\n",
      "  1.18523011e-02  1.89340341e-03  3.25260652e-19  0.00000000e+00\n",
      "  0.00000000e+00  0.00000000e+00  3.25260652e-19 -7.80625564e-18\n",
      "  7.20975675e-04  3.17364059e-03  6.79873324e-03  1.38265616e-02\n",
      "  2.25456506e-02  2.48433394e-02  3.00855737e-02  3.13658109e-02\n",
      "  3.30907621e-02  4.38784448e-02  7.71780877e-02  1.81564585e-01\n",
      "  3.68923927e-01  5.02237046e-01  4.79826157e-01  3.64160097e-01\n",
      "  2.27167981e-01  1.23098174e-01  5.81429823e-02  2.72825281e-02\n",
      "  7.60056600e-03  1.39478472e-03 -1.62630326e-19  0.00000000e+00\n",
      "  0.00000000e+00  0.00000000e+00  4.06575815e-20  1.08420217e-18\n",
      "  3.36904521e-05  2.44592682e-03  5.25571053e-03  1.01408261e-02\n",
      "  1.78492015e-02  2.10295802e-02  3.05909305e-02  3.66349976e-02\n",
      "  3.95391146e-02  6.11414325e-02  1.00168452e-01  2.05067044e-01\n",
      "  3.45475372e-01  4.47240752e-01  4.37180783e-01  3.34492285e-01\n",
      "  2.10504683e-01  1.07438852e-01  4.63850145e-02  1.85701772e-02\n",
      "  2.85021225e-03  6.06428138e-05  4.74338450e-20  0.00000000e+00\n",
      "  0.00000000e+00  0.00000000e+00  0.00000000e+00 -7.58941521e-19\n",
      " -3.03576608e-18  6.19904319e-04  1.36783236e-03  4.69644903e-03\n",
      "  1.00532309e-02  1.49585607e-02  2.03759854e-02  2.86166700e-02\n",
      "  3.96738764e-02  6.88430699e-02  9.92453339e-02  1.76942255e-01\n",
      "  2.67852571e-01  3.26298767e-01  3.19931271e-01  2.33676976e-01\n",
      "  1.56296746e-01  8.33569166e-02  3.79354491e-02  1.16232060e-02\n",
      "  1.62387979e-03 -2.03287907e-20  0.00000000e+00  0.00000000e+00\n",
      "  0.00000000e+00  0.00000000e+00  0.00000000e+00  2.03287907e-20\n",
      "  7.58941521e-19  1.30104261e-18  6.07153217e-18  6.46856681e-04\n",
      "  2.13597466e-03  6.32032882e-03  8.05875615e-03  9.00882690e-03\n",
      "  2.03490331e-02  3.58466411e-02  5.43629136e-02  8.26292029e-02\n",
      "  1.37632235e-01  1.73815781e-01  1.53466748e-01  1.13792871e-01\n",
      "  8.50751297e-02  4.73283471e-02  1.88329627e-02  4.83121083e-03\n",
      "  3.57118793e-04  0.00000000e+00  0.00000000e+00  0.00000000e+00\n",
      "  0.00000000e+00  0.00000000e+00  0.00000000e+00  2.03287907e-20\n",
      "  2.16840434e-19  0.00000000e+00 -6.50521303e-18  1.73472348e-18\n",
      "  1.73472348e-18 -1.38777878e-17  0.00000000e+00  1.13199919e-03\n",
      "  7.73532781e-03  1.30112526e-02  2.12384610e-02  3.53008557e-02\n",
      "  4.67488714e-02  6.20915033e-02  5.64112930e-02  3.77804730e-02\n",
      "  2.70130045e-02  1.66093929e-02  6.63701907e-03  1.79233205e-03\n",
      "  0.00000000e+00  0.00000000e+00  0.00000000e+00  0.00000000e+00\n",
      "  0.00000000e+00  0.00000000e+00  0.00000000e+00  0.00000000e+00\n",
      "  0.00000000e+00 -8.13151629e-20 -2.71050543e-19  2.16840434e-19\n",
      "  9.75781955e-19  1.08420217e-19  4.33680869e-19 -4.33680869e-19\n",
      "  3.67899737e-03  6.29337646e-03  9.27161243e-03  8.14635132e-03\n",
      "  1.04912068e-02  9.80392157e-03  6.54268580e-03  4.37302069e-03\n",
      "  2.11576039e-03  1.81928441e-03  1.23307055e-03  0.00000000e+00\n",
      "  0.00000000e+00  0.00000000e+00  0.00000000e+00  0.00000000e+00]\n",
      "[ 0.00000000e+00  0.00000000e+00  0.00000000e+00  0.00000000e+00\n",
